0202239951
0202414452
0206492610
0206524777
0206544474
0206544672
0206544969
0206564666
0206564963
0206565755
0206566052
0206567339
0206578722
0206578821
0206618215
0206621183
0206625935
0206626331
0206700763
0206706109
0206706604
0206738078
0207148250
0207280387
0207281476
0207294443
0207309784
0207333441
0207339973
0207343933
0207348584
0207348782
0207350762
0207354920
0207362739
0207366501
0207368875
0207370459
0207372736
0207373627
0207380456
0207384812
0207386295
0207389958
0207391344
0207391443
0207391641
0207392433
0207392928
0207394215
0207400846
0207401935
0207402331
0207403222
0207404014
0207541002
0207656511
0207656808
0207690955
0208201095
0211085163
0212050710
0212153252
0212346955
0212366355
0212368632
0216379185
0216694931
0216695327
0216695525
0216695723
0216695921
0216696119
0216696317
0216696515
0216696713
0216696911
0216697505
0216761742
0218569902
0222116241
0233884123
0236916956
0241347282
0316381138
0348502588
0367301386
0400604654
0401953350
0401994823
0402951361
0403103789
0403136453
0403147638
0403421317
0404223150
0406622416
0406729809
0406763461
0407742567
0407760284
0407778496
0407824919
0407875496
0408094935
0408217768
0408229844
0408312293
0408612696
0409298626
0409446995
0409811835
0410598129
0410674838
0413359758
0413479821
0413502288
0413511691
0413996196
0414288384
0414828913
0419458286
0419497680
0420090667
0422172704
0422468256
0422499435
0422701551
0422711251
0423489825
0423545451
0423607710
0423719952
0424036884
0424210791
0424376285
0425582946
0425647777
0426968957
0428226195
0428400795
0428891537
0429288742
0429457008
0430207965
0431322079
0431763133
0431843703
0432319694
0433143996
0433170821
0433200911
0433291872
0433447864
0433535362
0433637906
0433671558
0436424576
0436787535
0437917782
0438276286
0438560655
0440012784
0441184506
0441209052
0441236766
0441637337
0441731466
0442114914
0442712354
0442762636
0443006423
0443489740
0443653947
0443987212
0444076787
0444658292
0445082817
0445107561
0445420832
0446415576
0446510893
0446934131
0447009652
0447374787
0447484754
0447933825
0448444361
0448570758
0448655484
0448718733
0448858887
0448942427
0448996766
0449394961
0450023184
0450312404
0450487497
0451054453
0451119878
0451415531
0451627941
0451977042
0452053751
0452192719
0452257550
0452316146
0452439870
0452532120
0452580125
0452610710
0452756012
0452968719
0453064828
0453285948
0453306635
0453362756
0453401259
0454305636
0454587629
0454662160
0454718380
0454829931
0455835266
0456411031
0456553462
0457140511
0457305312
0457395679
0457786649
0457985104
0458185042
0458188903
0458954015
0459301334
0460054568
0460139591
0460265691
0460542835
0460834429
0460886095
0460905495
0461097319
0461621614
0461662887
0461924787
0461929341
0461935477
0462601611
0462791552
0463224092
0463286252
0463721267
0464043248
0464230914
0464267734
0464300297
0464834985
0465081247
0465806866
0465856950
0465939894
0466077278
0466279394
0466334131
0466948003
0466982348
0467160413
0467651846
0467846242
0469775057
0470742285
0470889072
0470995079
0472237372
0472250636
0472326850
0472387426
0472612308
0472651207
0473255575
0473527274
0473687127
0473841931
0474031179
0474316736
0474373649
0474783128
0475001674
0475516269
0475962073
0476219025
0476679378
0476764304
0477339275
0477788643
0478043219
0478182977
0478323529
0478356191
0478445174
0478560089
0478564148
0478983129
0479077654
0479113187
0479596803
0479635504
0479727158
0500595917
0500654810
0500727262
0500732113
0500763587
0500892360
0501536817
0501805843
0501812474
0502403481
0502464255
0502797025
0502818108
0502903329
0502932330
0503939843
0504952997
0505901025
0506682072
0506691376
0506713152
0506732354
0506744925
0506854395
0506900917
0506942190
0507592189
0507611490
0507722051
0508462518
0508733128
0518960292
0521715389
0521747261
0521964324
0524754954
0524812857
0524978252
0525887973
0525914895
0525915984
0525931525
0525932416
0525936275
0525942314
0526970712
0533748141
0533854049
0533941052
0534388341
0534403286
0534416055
0534650340
0534739026
0534749221
0534760802
0534772876
0534860473
0534878784
0535605393
0535605591
0535672897
0535719320
0535742975
0535763365
0535811172
0535886297
0535918268
0535937965
0536247771
0536319235
0536397726
0536566881
0536575096
0536637256
0536641018
0536774442
0536897176
0537168875
0537179961
0537222523
0537222622
0537240537
0537480661
0537572713
0537682975
0537740482
0538508465
0538803722
0538808769
0538896861
0538916558
0539938919
0540765694
0540926339
0540942670
0541331660
0541473596
0541782909
0541826855
0541831607
0541831805
0542682039
0542887224
0542887323
0543285023
0543527622
0543691136
0543694797
0543803081
0543933636
0543934428
0543956402
0544320250
0544373304
0544407451
0544528009
0544542063
0544644805
0544646189
0544672321
0544718940
0544741904
0544827620
0545413380
0545860075
0545917879
0547594692
0547609045
0547687437
0548730384
0548863315
0548863612
0548906370
0548954474
0550379681
0550431151
0550582589
0550721953
0550739571
0550798266
0550937729
0551883577
0551942272
0552741335
0552809235
0553090832
0553935722
0554767150
0554776652
0554862665
0554865437
0554971939
0555661134
0555724777
0555769814
0555905614
0556615001
0556815632
0556986866
0557930142
0558839863
0559805311
0560702065
0560767490
0560912495
0561901402
0562894562
0562909509
0563504870
0563751429
0563926227
0564794772
0564878213
0564954229
0564978280
0565961049
0566917191
0567576692
0567640931
0567769506
0567798804
0567810779
0567840176
0568496808
0568638843
0568650127
0568944392
0568983291
0588976575
0589937172
0596309775
0596713217
0597610961
0597637982
0597707466
0597760619
0597912849
0598714979
0598828114
0599855324
0599860569
0600877683
0600927074
0600989135
0601101377
0603977824
0604975637
0607904146
0607948389
0607950171
0609930357
0621246594
0623966752
0627629095
0627643250
0627733817
0627933953
0628447657
0628481212
0628545350
0628547528
0628579596
0628753703
0628965321
0629771114
0629965312
0630844052
0631728831
0631734175
0631791781
0631861958
0631926096
0632472563
0632587280
0632646965
0632660625
0632721793
0632880260
0632884517
0632979537
0633496607
0633593904
0633617757
0633645174
0633803839
0633872135
0634603989
0634660805
0634678918
0634754241
0634874403
0634894692
0634970116
0635680986
0635773632
0635983171
0636738088
0636824103
0636892102
0637821619
0637906939
0637908028
0637973552
0638795775
0639725985
0639780029
0639794380
0639988380
0641966091
0641974011
0641980246
0642510281
0642577191
0642628265
0642740212
0642776141
0642925896
0642931737
0642963807
0642965884
0642966379
0642979247
0642986868
0643455042
0643509678
0643644191
0643689624
0643711202
0643720308
0643917969
0644426032
0644587170
0644687041
0644747221
0644812844
0644868371
0644976457
0645807192
0646825296
0646881221
0646934372
0647853892
0647951387
0648583669
0648617818
0648747183
0648820924
0648912776
0648956427
0649448850
0649662448
0649769841
0649770732
0649792805
0649850213
0649977697
0650458541
0650668674
0650795071
0650895932
0650923349
0651550582
0651610267
0651615712
0651634221
0651652037
0651655502
0651740030
0651798131
0651836139
0651884639
0651964813
0651970454
0652466441
0652634905
0652638269
0652782977
0652894825
0652991924
0653410113
0653716157
0653748920
0653785146
0653857204
0653877790
0653961528
0654712485
0654728818
0654789491
0654817207
0654874417
0654908960
0654967358
0654995567
0654996953
0655467996
0655565392
0655665857
0655707033
0655734747
0655778297
0655913505
0655936764
0655959827
0655996350
0656388805
0656487288
0656573303
0656632293
0656651594
0656659019
0656699304
0656700985
0656770766
0656782743
0656813625
0656821246
0656828471
0657734432
0657813814
0657871816
0657998510
0658653754
0658709479
0658762929
0658773025
0658793316
0658967223
0659736986
0659795186
0659903074
0659905450
0660676403
0660802206
0660832096
0660833185
0660841796
0660844469
0660931967
0660935036
0660983932
0661710046
0661797049
0661807145
0661841391
0661843470
0661966996
0662450315
0662519007
0662612047
0662638375
0662674306
0662901166
0663527015
0663575416
0663747838
0663905117
0663974304
0664487315
0664907977
0665530955
0665576089
0665594204
0665859270
0665887677
0665977749
0666399304
0666485911
0666617949
0666870347
0666881136
0666912216
0666939138
0667699894
0667723254
0667736716
0667752354
0667757502
0667831439
0667864794
0667900131
0667946057
0667967833
0668591207
0668644061
0668718493
0668745120
0668836576
0669245956
0669511915
0669640785
0669801133
0669863687
0669890314
0669948811
0669956630
0669967914
0670457070
0670480925
0670536353
0670537244
0670569611
0670570403
0670748961
0670929204
0670940090
0670979286
0670993639
0671444787
0671512588
0671565048
0671643341
0671668778
0671714904
0671753605
0671994917
0672478135
0672485756
0672489716
0672509314
0672570977
0672674412
0672681637
0672794572
0673626495
0673787140
0673861869
0673885625
0674463764
0674558091
0674569672
0674931146
0675510671
0675583224
0675587776
0675624004
0675730308
0675796228
0675897681
0675927276
0675931137
0676355363
0676389413
0676433755
0676459885
0676505813
0676559162
0676622708
0676787707
0676844620
0676942214
0677442555
0677485414
0677512435
0677530845
0677532132
0677565289
0677596567
0677623192
0677770177
0677795814
0677889745
0677984072
0678423245
0678441160
0678444922
0678460164
0678541130
0678569141
0678691380
0678718995
0678893201
0679563885
0679615949
0679627134
0679761647
0679775604
0679806880
0679882403
0679992665
0680442528
0680479150
0680494293
0680606141
0680656324
0680768863
0680946235
0681413518
0681517446
0681590492
0681712238
0681829628
0682402324
0682417368
0682473390
0682483387
0682654524
0682739448
0682784483
0682843277
0682846742
0682863667
0682890886
0682891282
0683436363
0683592751
0683628779
0683630561
0683691236
0683718455
0683768737
0683803577
0683829115
0683845248
0683907507
0683949473
0684488814
0684522862
0684529889
0684582547
0684821285
0685384380
0685490189
0685815635
0685834540
0685914318
0685937775
0686532445
0686654981
0686750694
0686763958
0686784843
0686856505
0686980526
0687520162
0687655368
0687670612
0687778993
0687809083
0687884210
0687887871
0687972104
0688502040
0688537474
0688580036
0688683370
0688693367
0688824516
0688845203
0688849062
0689501338
0689590222
0689647432
0689753340
0689754429
0689782638
0689806590
0689815696
0689837571
0689875183
0689900226
0689990296
0690559925
0690680778
0690682362
0690712947
0690799158
0690836176
0690851915
0690872305
0691442625
0691570507
0691575059
0691591885
0691764210
0691903770
0691934454
0691937424
0691983647
0692175469
0692488839
0692585344
0692597420
0692598014
0692659974
0692678483
0692703724
0692875255
0692958991
0693628093
0693665014
0693673625
0693823380
0693842186
0693925132
0693998871
0694697865
0694802981
0694804466
0694882264
0695521870
0695600955
0695726758
0695751504
0695779020
0695796044
0695818711
0695876911
0695991232
0696718930
0696725264
0696826224
0696869774
0696973605
0696984689
0697591039
0697643004
0697722978
0697748912
0697768312
0697820473
0697881841
0697894808
0697904607
0697915394
0697915691
0697920542
0697977158
0697999528
0698563514
0698574303
0698607460
0698628246
0698654970
0698679518
0698684466
0698747319
0698773350
0698861937
0698889057
0698975268
0699462347
0699625663
0699668621
0699745825
0699938142
0699982385
0700207465
0700303574
0700351282
0700400673
0700549836
0700628822
0700650992
0700783230
0700794910
0700864095
0700933975
0701722843
0701821625
0702784497
0702817953
0702956723
0703885745
0704606119
0704808631
0704848520
0704900483
0704946114
0704956012
0705891269
0705927101
0707566597
0707615196
0707752580
0707806228
0707966475
0708956271
0708960330
0711778971
0711898737
0711973367
0712640885
0712874675
0712961678
0713676708
0713704323
0713762127
0713773708
0713801917
0713809538
0713832797
0713915050
0713915347
0714969182
0715450422
0715473285
0715476948
0715499219
0715530891
0715557419
0715563159
0715658179
0715835056
0715881576
0715988573
0716756754
0716775263
0716846826
0717432586
0717625202
0717634209
0717850082
0717920259
0717937877
0717993505
0718690915
0718861258
0718882935
0719269450
0719454839
0719568863
0719653589
0719759992
0719799782
0719923211
0719976956
0720487987
0720534113
0720676148
0720723163
0720814225
0720954280
0721520939
0721621107
0721625065
0721662776
0721702962
0721734537
0721802239
0721869644
0721882116
0721889440
0721896071
0721966248
0721999803
0722715227
0722739773
0722840436
0722844691
0723487366
0723573379
0723589217
0723638212
0723682059
0723687207
0723691462
0723751939
0723757580
0723778663
0723823205
0723893578
0723900508
0723983551
0723998793
0724548131
0724790334
0724868627
0724898123
0724998685
0725464186
0725549409
0725550595
0725645023
0725656208
0725736974
0725744694
0725760829
0725797550
0725875150
0726371830
0726373117
0726384005
0726430228
0726435077
0726865441
0726915228
0726944922
0726952345
0727408146
0727414084
0727430120
0727481984
0727616202
0727649458
0727690040
0727822573
0727891364
0727894829
0727940953
0727987572
0728544630
0728610946
0728707946
0728709134
0728721309
0728761691
0728878487
0728968064
0729608858
0729663791
0729831067
0729863137
0729893227
0730600535
0730656062
0730764742
0730914301
0731603791
0731620817
0731673671
0731733059
0731738997
0731894296
0731985259
0731988328
0732524204
0732666140
0732815402
0732837671
0732923288
0733566458
0733651877
0733665636
0733699288
0733728487
0733980786
0734524382
0734590995
0734592282
0734706803
0734769159
0735343934
0735369569
0735401540
0735411537
0735559215
0735583464
0735672942
0735736783
0736450427
0736450625
0736471312
0736574151
0736828529
0736912958
0736962151
0736989667
0737336491
0737498819
0737534352
0737541973
0737940069
0738438927
0738448033
0738583041
0738634313
0738649357
0738662027
0738700035
0738757740
0738789018
0738827620
0738864737
0738874536
0738905319
0739514934
0739575015
0739600551
0739699234
0739744962
0739757632
0739794452
0739803954
0739839487
0739861857
0739898677
0740543035
0740614004
0740814932
0741389509
0741421874
0741430881
0741473641
0741765136
0741774242
0741869658
0741921425
0742539453
0742564494
0742566078
0742620122
0742754734
0743377910
0743391469
0743496387
0743542315
0743859049
0743871521
0743987822
0744382057
0744625349
0744808659
0744817666
0744837165
0744924168
0745434112
0745515076
0745832505
0745968897
0746434103
0746476069
0746509129
0746527044
0746543276
0746572178
0746668287
0746692538
0746808047
0746899109
0746923358
0747544554
0747579889
0747897813
0747948588
0747976601
0748400233
0748421811
0748580078
0748711623
0748738941
0748766556
0748851876
0748965110
0748984906
0749438925
0749474953
0749476933
0749664894
0749939761
0749942929
0750590057
0750652712
0750712692
0750727837
0750800784
0750800883
0750941930
0751497107
0751533729
0751637558
0751667747
0751717732
0751859371
0751879662
0751885996
0751904507
0751912524
0751921234
0751962905
0752392475
0752520852
0752603303
0752665659
0752810070
0752888858
0752904003
0753413945
0753416915
0753781753
0753797490
0754380183
0754458278
0754519646
0754628722
0754714834
0754742845
0755521815
0755846566
0755882297
0756476076
0756565554
0756584558
0756937322
0756981565
0756986317
0757224758
0757229114
0757547234
0757669077
0757672542
0757697583
0757720943
0757727673
0757767067
0757847934
0757862384
0758559992
0758656497
0758660556
0758776164
0758784280
0758833671
0758857229
0758915132
0759463676
0759495251
0759536625
0759620955
0759679155
0759691033
0759826041
0759869492
0759881964
0760455848
0760558093
0760587589
0760629161
0760821280
0760838009
0760965295
0760984301
0761415554
0761548681
0761591639
0761702594
0761869771
0761988250
0762602320
0762658837
0762777118
0762864814
0762885006
0762896090
0762953005
0762986459
0763363175
0763435035
0763457207
0763464333
0763734349
0763816996
0763915382
0763924389
0763943195
0763961013
0764321594
0764342974
0764425227
0764520247
0764536776
0764684454
0764696728
0764706131
0764720383
0764739783
0764752750
0764812138
0764844901
0764905871
0764928538
0765267345
0765397603
0765462137
0765656137
0765697808
0765713842
0765716119
0765723542
0765732648
0765783623
0765796687
0765888838
0765917344
0765965151
0765994350
0766412539
0766436590
0766454606
0766495087
0766602975
0766622771
0766678892
0766838448
0767389467
0767416686
0767480529
0767526158
0767677794
0767729660
0767873675
0767903864
0768301267
0768357091
0768393715
0768404009
0768405591
0768405690
0768477352
0768524565
0768537037
0768686297
0768691049
0768736678
0768771322
0768784980
0768986306
0769283937
0769287006
0769297991
0769327586
0769332140
0769386083
0769486746
0769542174
0769673224
0769719744
0769739639
0769767353
0769850101
0769964323
0770223154
0770337772
0770384688
0770611847
0770632039
0770802283
0770808718
0770911557
0770915715
0771296488
0771364586
0771521766
0771527013
0771544829
0771559378
0771609858
0771612927
0771695970
0771701712
0771740017
0771862553
0771903234
0771907093
0772322908
0772340328
0772454550
0772478504
0772491370
0772703186
0772737137
0772779501
0772822259
0772846510
0772857396
0772869571
0772884815
0772938659
0773555796
0773632111
0773635475
0773689816
0773718124
0773818290
0773861743
0774275180
0774390788
0774482444
0774516195
0774555490
0774615967
0774668031
0774718115
0774772256
0774853519
0774900435
0775263689
0775320208
0775366926
0775542417
0775587947
0775836484
0776618919
0776683849
0777275153
0777296434
0777302273
0777307817
0777326227
0777376608
0777394226
0777471529
0777571497
0777614950
0777632271
0777673150
0777780048
0777801527
0777907732
0778288903
0778367986
0778406588
0778424010
0778426087
0778456177
0778542685
0778603954
0778648593
0778709862
0778720651
0778771725
0778796469
0778889214
0779317103
0779497443
0779534065
0779586921
0779745188
0779910385
0780447944
0780498820
0780675893
0780700144
0780712319
0780765272
0780844852
0780851384
0780892956
0780952146
0781307185
0781328268
0781338562
0781435265
0781477332
0781639064
0781640351
0781696571
0781815644
0781858602
0781863649
0781902152
0781918384
0781979059
0781980049
0782253728
0782258874
0782430407
0782439414
0782529484
0782677855
0782701116
0782754168
0782759217
0782825731
0782947970
0783273812
0783304296
0783407731
0783484539
0783486024
0783741192
0783744954
0783771678
0783833937
0783853337
0783892335
0783912131
0783952614
0783956374
0783996461
0784271130
0784286372
0784338931
0784388322
0784408415
0784443750
0784450282
0784573711
0784581926
0784753358
0784769788
0784858474
0784895789
0784992195
0785271418
0785401278
0785435328
0785495706
0785624378
0785644966
0785716034
0785747114
0785789278
0785791951
0785900829
0786291403
0786423144
0786482532
0786485403
0786703652
0786709194
0786732851
0786742848
0786831930
0786832524
0786858951
0786875876
0786883301
0787161235
0787166084
0787186078
0787309408
0787400567
0787408188
0787414821
0787530033
0787647522
0787718885
0787761744
0787776491
0787843502
0787916845
0787925753
0787942282
0788224176
0788311773
0788391650
0788436586
0788470141
0788483108
0788516364
0788638407
0788747877
0788780046
0788780937
0788924754
0788929506
0788933761
0788961376
0789264155
0789321464
0789385109
0789429451
0789454492
0789507249
0789560105
0789595440
0789615434
0789742623
0789777364
0789930089
0789940680
0790120329
0790213666
0790215250
0790284635
0790353624
0790483781
0790580781
0790590778
0790719254
0790745186
0790810811
0790848720
0790896131
0790912660
0790918204
0790970662
0791243747
0791441509
0791569092
0791665696
0791698261
0791707664
0791874148
0791956597
0791990845
0792212658
0792216717
0792253042
0792297285
0792370828
0792432293
0792532461
0792614318
0792785849
0792788621
0792796539
0792797430
0792832171
0792851571
0792868397
0792872654
0792896905
0792897794
0793041811
0793275106
0793281044
0793478410
0793479004
0793517309
0793542944
0793591048
0793647862
0793856512
0793930449
0794170771
0794276976
0794283114
0794296574
0794334582
0794337255
0794382191
0794411192
0794437720
0794482359
0794649140
0794717139
0794759206
0794826215
0794843833
0794850167
0794871349
0794894709
0794976861
0794983690
0795102169
0795120777
0795176603
0795379511
0795403265
0795405740
0795851445
0795878763
0795944287
0797022472
0797134122
0797149463
0797309712
0797370187
0797445017
0797505789
0797562209
0797587547
0797676926
0797689693
0797725327
0797788079
0797790554
0797791940
0797807281
0797822624
0797931007
0798099073
0798141635
0798142922
0798158659
0798315146
0798335041
0798424915
0798504295
0798566455
0798631385
0798741055
0798791238
0798845082
0798848943
0798875766
0798922385
0798985139
0799095007
0799162808
0799223679
0799270892
0799295638
0799326223
0799357501
0799409365
0799460241
0799483896
0799526656
0799574958
0799619203
0799630485
0799648303
0799658102
0799699969
0799761535
0799775886
0799916141
0799944944
0800062037
0800077972
0800109349
0800124393
0800138251
0800194570
0800222878
0800308101
0800368180
0800384513
0800392926
0800405693
0800521796
0800583758
0800637604
0800662348
0800671751
0800694121
0800749351
0800751925
0800764494
0800771028
0800782411
0800903561
0800939886
0800944935
0800968392
0800999571
0801083903
0801087168
0801374210
0801428945
0801431915
0801618193
0801618886
0801622153
0801659567
0801741622
0801742216
0801749738
0801790023
0801843075
0801843471
0801898604
0801969769
0802050141
0802145656
0802260769
0802270766
0802336092
0802367370
0802393995
0802449524
0802458135
0802495549
0802509110
0802550581
0802664112
0802791992
0802855538
0802891962
0802902058
0802929475
0803072403
0803107441
0803154060
0803187516
0803224138
0803225524
0803292533
0803336776
0803338558
0803350733
0803393689
0803397748
0803399629
0803400619
0803430412
0803552948
0803584721
0803588085
0803702111
0803705673
0803750512
0803808415
0803828607
0803881956
0804018845
0804034285
0804054180
0804111390
0804120991
0804166028
0804171570
0804312518
0804573923
0804631133
0804651721
0804713285
0804720215
0804752877
0804923816
0805225308
0805299146
0805343686
0805438807
0805487406
0805509477
0805588859
0805836705
0805846306
0805981809
0806001011
0806432462
0806777308
0807225684
0807234295
0807347529
0807535589
0807588742
0807602994
0807695640
0807696729
0807756810
0807822928
0807838170
0807986046
0807998518
0808010295
0808031081
0808065725
0808072158
0808166683
0808354448
0808569828
0808572006
0808572402
0808587248
0808594077
0808615655
0808787582
0808814407
0809001378
0809089569
0809184985
0809467770
0809889622
0809954255
0809970091
0810331961
0810520023
0810619694
0810673540
0810784693
0810838935
0810993541
0811121621
0811267814
0811500416
0811568316
0812090037
0812246128
0812338772
0812372921
0813217811
0816919647
0817242123
0817253803
0817514515
0817833922
0818022576
0818122447
0818151349
0818530837
0818817976
0818945066
0819316933
0819370975
0819378893
0819399283
0819506874
0819557255
0819612386
0819820541
0821210611
0821462613
0821495374
0821650277
0821669974
0821736884
0821955432
0822097962
0822272958
0822276027
0822487348
0822760136
0822790919
0822813287
0822885741
0823107950
0823178523
0823255430
0823614429
0823722317
0823849902
0823948385
0824014703
0824077158
0824077356
0824089333
0824590565
0824939765
0825008358
0825194143
0825266201
0825748132
0825882150
0826270348
0826512848
0826548480
0826569860
0827012595
0827028928
0827642503
0827700604
0827901334
0828080189
0828159571
0828488084
0828532032
0828532824
0828597853
0828899939
0828943687
0829124524
0829262797
0829344159
0829471348
0829472041
0829486887
0829514405
0829521333
0829959219
0830156583
0830256553
0830413139
0830471339
0830801832
0831290097
0831443517
0831723134
0831901989
0831962466
0832012154
0832264750
0832521603
0832597718
0832663242
0832713623
0833126466
0833157249
0833169127
0833334027
0833402422
0833511003
0833715196
0833828727
0833992637
0834105077
0834109631
0834186637
0834239095
0834293634
0834397364
0834404391
0834419932
0834594433
0834722810
0834828025
0834856432
0834900180
0835008860
0835091014
0835110216
0835178017
0835178710
0835276106
0835461691
0835566710
0835668856
0835734479
0835751604
0835838508
0835893342
0835902745
0835918284
0835960252
0835985689
0836610449
0836706459
0836915604
0837120589
0837152263
0837423962
0837780783
0837988245
0838070793
0838084354
0838515114
0838915782
0839205101
0839378216
0839466704
0839920822
0840004558
0840298132
0840475603
0840637236
0840884981
0841320491
0841364538
0841375624
0841387106
0841493014
0841738482
0841770651
0841775007
0841861416
0841897840
0842004936
0842012359
0842018002
0842627320
0842737186
0842805878
0843023337
0843063325
0843064414
0843493489
0843613255
0843794783
0843929395
0843946718
0844077865
0844089941
0844318385
0844377080
0844390839
0844514464
0844578307
0844835455
0844952548
0845094979
0845583048
0846128921
0846239876
0846552058
0846606397
0846732794
0846734477
0846980541
0846989449
0847054577
0847341421
0847446141
0847646178
0847832260
0848016362
0848032594
0848087430
0848125339
0848198583
0848415745
0848420297
0848484536
0848563918
0848584506
0848704765
0848793946
0849004376
0849181055
0849305967
0849528572
0849667837
0849799182
0849982888
0850042969
0850043167
0850083848
0850093350
0850104040
0850119777
0850125816
0850137494
0850145216
0850154916
0850176591
0850184313
0850186093
0850187380
0850187677
0850194112
0850203515
0850203812
0850219648
0850224004
0850245976
0850249243
0850263396
0850295565
0850767697
0850841636
0850918048
0850924580
0850978723
0850988621
0860379706
0860823728
0861251419
0861745129
0862163219
0863218539
0863477964
0863710170
0863776387
0863808754
0864705906
0864944248
0865371840
0865560791
0865771421
0866241573
0866455666
0867035488
0867049148
0867212761
0867256412
0867297388
0869556795
0869763267
0870161462
0870556687
0870638940
0870686648
0871429489
0871579147
0872285861
0872770069
0872851728
0873349297
0873471043
0873895467
0874257634
0874287526
0874423821
0875179629
0875238423
0875314934
0875714317
0876112116
0876127259
0876150619
0876231880
0876638587
0876917216
0877153083
0877472688
0877762205
0878051423
0878062608
0878383302
0878642430
0878858404
0878949959
0879330635
0879436741
0879846517
0879846913
0879896995
0879899074
0879926887
0880124055
0880161568
0880465139
0880621725
0880904906
0880983989
0881286669
0881326756
0881724654
0882147494
0882247563
0882348226
0882352976
0882395043
0882454827
0882828177
0883291007
0883402952
0883487084
0883521035
0883527567
0883596952
0883665545
0883867067
0884085813
0884513702
0884871315
0885238331
0885381950
0885496073
0885673346
0885777274
0885817856
0886692638
0886748165
0887274242
0887809128
0888488524
0888701726
0888828222
0889020044
0889519890
0889616197
0889877307
0890252340
0890303909
0890524336
0890804745
0890865420
0891019234
0891041604
0891353883
0891406541
0891565503
0891664679
0892141167
0892144038
0892317747
0892411183
0892552131
0892739203
0892808289
0893066033
0893380292
0893427408
0893619032
0893896174
0894082256
0894637631
0894710182
0894801640
0894948724
0895762138
0895831028
0896212296
0896622270
0896694823
0896765493
0896871205
0897398567
0897474286
0897888616
0898399647
0898606020
0898714896
0898728754
0898791904
0898895040
0899021734
0899221771
0899255029
0899420721
0899576515
0899758637
1000070295
1000097912
1000171849
1000190160
1000505015
1000545793
1000611517
1000621514
1000632204
1000782157
1000795817
1000843030
1000851443
1000867972
1000951017
1000966952
1001045443
1001085431
1001114729
1001116808
1001156301
1001201039
1001202821
1001260526
1001266761
1001290022
1001293287
1001308036
1001315657
1001327832
1001329317
1001335156
1001342678
1001382468
1001392762
1001393554
1001439084
1001462246
1001543509
1001554989
1001589138
1001645259
1001646150
1001657038
1001733846
1001758491
1001804518
1001899835
1001980504
1002022272
1002028212
1002062260
1002272195
1002274076
1002355735
1002455309
1002540233
1002643963
1002645448
1002710774
1002713645
1002739280
1002844101
1002957135
1002967627
1002969904
1002995044
1003007912
1003023154
1003121045
1003177265
1003249422
1003278027
1003307919
1003337415
1003394031
1003407392
1003450350
1003539828
1003557545
1003557842
1003559327
1003599612
1003608520
1003873685
1003895263
1003971576
1004111336
1004134201
1004273662
1004474788
1004596831
1004645133
1004681062
1004681161
1004718773
1004943160
1004953355
1005079257
1005186551
1005202981
1005256134
1005256431
1005325519
1005361052
1005442216
1005455577
1005455973
1005466465
1005494971
1005520509
1005580885
1005637897
1005678182
1005693228
1005749052
1005808044
1005828236
1005854762
1005897522
1005924741
1006002836
1006025701
1006153284
1006251274
1006345009
1006387173
1006476948
1006488925
1006541482
1006557617
1006570582
1006627693
1006635613
1006646796
1006652538
1006655112
1006691536
1006741422
1006838422
1006861681
1006864750
1006909587
1006916913
1006928195
1006945320
1006987286
1007001936
1007042914
1007045288
1007073992
1007102795
1007106458
1007108537
1007154958
1007179605
1007241169
1007401220
1007412306
1007435961
1007456450
1007464962
1007472583
1007480206
1007521380
1007607294
1007627090
1007703306
1007725278
1007776352
1007979359
1007982329
1008050922
1008067352
1008136935
1008154256
1008159107
1008159602
1008160689
1008271547
1008301835
1008313218
1008321037
1008367359
1008433477
1008437734
1008459411
1008468418
1008506228
1008531071
1008534437
1008539484
1008584026
1008607681
1008611740
1008612037
1008648065
1008652916
1008733484
1008749124
1008769316
1008775551
1008780501
1008854636
1008872749
1008912737
1008979746
1008998354
1009117625
1009133857
1009166620
1009213734
1009340230
1009403378
1009425253
1009502655
1009526708
1009534824
1009619946
1009640435
1009682995
1009699328
1009772869
1009783064
1009845521
1009927079
1009933118
1009978153
1010004679
1010009332
1010052981
1010067433
1010081982
1010082279
1010092375
1010135729
1010136719
1010145924
1010168193
1010187494
1010220356
1010241142
1010250545
1010275388
1010276081
1010293897
1010326660
1010358037
1010383771
1010395451
1010409111
1010419405
1010501260
1010511356
1010539169
1010562826
1010569853
1010581731
1010584107
1010592916
1010609940
1010628944
1010699913
1010724657
1010737723
1010775335
1010780580
1010833634
1010842641
1010869761
1010874612
1010881837
1010923607
1010927367
1010929050
1010931723
1010935483
1010952410
1010961516
1010982104
1010984082
1011019023
1011028723
1011065939
1011088903
1011145222
1011167194
1011185606
1011215496
1011250734
1011286663
1011321010
1011335757
1011358721
1011390789
1011442259
1011444239
1011459184
1011477990
1011502538
1011518572
1011590927
1011652194
1011694657
1011694954
1011695053
1011713265
1011762953
1011777108
1011783343
1011808582
1011815611
1011819371
1011839365
1011845701
1011916668
1011970415
1011975165
1011999119
1012012282
1012017529
1012075828
1012110173
1012144916
1012153527
1012178964
1012261415
1012293879
1012415625
1012427305
1012462046
1012482931
1012552019
1012553997
1012697123
1012802041
1012849551
1012864397
1012910127
1012947937
1012961892
1012990202
1013062456
1013166582
1013206966
1013227257
1013233987
1013305352
1013334947
1013354644
1013375430
1013397602
1013472133
1013498956
1013552604
1013655146
1013695332
1013695629
1013696817
1013699290
1013712059
1013729875
1013796785
1013891609
1013930706
1013937436
1013947037
1013951589
1014049480
1014083926
1014167464
1014213093
1014214578
1014234770
1014243876
1014263573
1014264761
1014280104
1014321674
1014346024
1014416991
1014512211
1014584168
1014616634
1014629995
1014637519
1014769062
1014818552
1014859728
1014888333
1014921094
1014981967
1014988697
1015001169
1015039276
1015043038
1015046404
1015076393
1015086192
1015089459
1015140137
1015156270
1015162408
1015187746
1015188736
1015193783
1015194971
1015238424
1015248421
1015303453
1015317311
1015338887
1015391842
1015482409
1015557336
1015571687
1015622464
1015641171
1015681357
1015682248
1015683238
1015694027
1015718276
1015732728
1015748366
1015750544
1015751732
1015758858
1015768756
1015771924
1015781525
1015782020
1015834577
1015866746
1015908219
1015919602
1015965429
1015992252
1016013830
1016061934
1016069555
1016104989
1016177344
1016183975
1016192190
1016204266
1016214758
1016263258
1016279490
1016284836
1016353627
1016374413
1016400939
1016412619
1016432514
1016461713
1016463196
1016467453
1016505362
1016516844
1016535947
1016579004
1016593058
1016598404
1016626019
1016629977
1016642350
1016644726
1016659770
1016678378
1016697778
1016707577
1016767955
1016768450
1016776071
1016783197
1016792701
1016830115
1016848723
1016857829
1016918108
1016921274
1016936617
1016948889
1016958490
1016971655
1016988382
1017031637
1017076177
1017156252
1017184164
1017193864
1017195547
1017205148
1017260576
1017279877
1017301950
1017311848
1017352430
1017367078
1017425773
1017427357
1017436067
1017463385
1017476550
1017482488
1017485062
1017511885
1017528020
1017529109
1017555041
1017560979
1017596613
1017603145
1017617991
1017625515
1017636007
1017744586
1017749932
1017759533
1017864154
1017864352
1017904241
1017922057
1017936311
1017938190
1017951355
1017956602
1017960659
1017962936
1017967488
1017968379
1017977782
1018012723
1018016978
1018039348
1018043011
1018057659
1018080722
1018095568
1018103585
1018144563
1018178613
1018278086
1018302535
1018325596
1018363210
1018374888
1018389241
1018392706
1018438137
1018458626
1018460012
1018508710
1018577204
1018585518
1018607985
1018620754
1018621150
1018621348
1018641243
1018686575
1018688060
1018704886
1018737550
1018810992
1018849495
1018879882
1018890275
1018898490
1018908289
1018939963
1018953524
1018985493
1018992225
1019010140
1019018553
1019028847
1019041121
1019094272
1019151581
1019162766
1019184839
1019192658
1019217008
1019221263
1019222550
1019233141
1019245415
1019257192
1019257984
1019310642
1019333804
1019370921
1019386856
1019404771
1019423478
1019432089
1019437732
1019438227
1019445551
1019453568
1019454162
1019456835
1019473364
1019481381
1019539878
1019540868
1019546016
1019576106
1019581351
1019596989
1019598771
1019622032
1019638858
1019642125
1019666077
1019704481
1019711807
1019716359
1019716755
1019723485
1019725762
1019756248
1019794652
1019795345
1019822069
1019846221
1019870866
1019890662
1019908181
1019911151
1019917386
1019927086
1019944013
1019946288
1019961532
1019975982
1019977764
1019991523
1020021019
1020068331
1020069915
1020085058
1020109111
1020118811
1020142961
1020146228
1020152958
1020164440
1020205418
1020216207
1020216801
1020227786
1020255205
1020265893
1020274407
1020278959
1020279157
1020281929
1020290243
1020303408
1020357747
1020362004
1020386649
1020417234
1020426340
1020446928
1020449007
1020473850
1020486223
1020513739
1020527201
1020573820
1020581639
1020649638
1020655873
1020715063
1020744856
1020800977
1020833641
1020841064
1020842054
1020854625
1020913716
1020920347
1020927572
1020939549
1020942420
1020978745
1020989138
1020993096
1021004281
1021025265
1021056642
1021089108
1021091284
1021112961
1021117218
1021133252
1021136123
1021178683
1021207189
1021245989
1021248266
1021256382
1021286472
1021286868
1021291026
1021294192
1021323688
1021361005
1021392083
1021415542
1021481660
1021486016
1021513235
1021519767
1021593607
1021604889
1021610829
1021632011
1021633001
1021655864
1021657547
1021721388
1021773056
1021820368
1021828682
1021834919
1021867779
1021927266
1021969135
1021988238
1021989624
1021994473
1022001106
1022001403
1022029315
1022061284
1022073063
1022100084
1022107410
1022108004
1022109982
1022125325
1022173726
1022175706
1022231728
1022235191
1022247465
1022257957
1022260432
1022260531
1022262907
1022305962
1022307942
1022326154
1022342881
1022346049
1022347039
1022355551
1022381483
1022382077
1022393658
1022396727
1022401279
1022410781
1022413355
1022437606
1022445128
1022447207
1022474228
1022500160
1022501150
1022503130
1022516689
1022549254
1022549353
1022568654
1022581522
1022599041
1022632101
1022637346
1022674463
1022681985
1022682183
1022687826
1022704949
1022720884
1022733158
1022797989
1022800068
1022814817
1022818379
1022833326
1022854805
1022885883
1022900236
1022907857
1022909243
1022911421
1022912708
1022917458
1022966750
1022976648
1022976945
1023020990
1023055040
1023061077
1023061572
1023070876
1023074341
1023098689
1023166094
1023186781
1023206181
1023211725
1023212814
1023243496
1023261710
1023264678
1023290117
1023306349
1023309913
1023311891
1023321987
1023379692
1023379791
1023394144
1023398005
1023449671
1023479464
1023482137
1023499260
1023502230
1023505594
1023528657
1023548057
1023571516
1023574979
1023585768
1023585966
1023601507
1023607841
1023636644
1023691577
1023699101
1023704841
1023714937
1023718105
1023720776
1023725528
1023726914
1023734139
1023745720
1023767890
1023796792
1023815697
1023820152
1023830941
1023908937
1023909036
1023933681
1023948826
1023954566
1023963771
1023977134
1023981488
1023992574
1024006927
1024007818
1024010291
1024022565
1024038896
1024074728
1024078092
1024085319
1024092346
1024101254
1024117387
1024137876
1024156781
1024157672
1024171035
1024179547
1024192217
1024218842
1024258533
1024272191
1024276151
1024296541
1024300006
1024310102
1024310201
1024313961
1024315050
1024320295
1024335638
1024355434
1024365827
1024411555
1024413535
1024431846
1024441942
1024446791
1024447781
1024454315
1024455305
1024455404
1024459857
1024465302
1024476584
1024481039
1024505090
1024524688
1024554184
1024557253
1024568735
1024605753
1024617532
1024617730
1024637724
1024639011
1024639407
1024640989
1024646731
1024648216
1024656431
1024663161
1024675930
1024697904
1024701763
1024715522
1024718193
1024719975
1024743533
1024745018
1024750362
1024762933
1024767782
1024814304
1024826477
1024834791
1024840434
1024900119
1024902295
1024905463
1024910215
1024928031
1024975937
1025026912
1025029385
1025051755
1025059574
1025096790
1025108074
1025112628
1025112925
1025116685
1025130444
1025148953
1025152517
1025219427
1025231107
1025253178
1025259712
1025260108
1025279211
1025290691
1025291186
1025291780
1025321969
1025327018
1025354138
1025376508
1025389275
1025389374
1025393730
1025397292
1025404717
1025459848
1025462323
1025488750
1025509140
1025515870
1025516365
1025518840
1025546356
1025556947
1025564865
1025604952
1025644346
1025657016
1025658204
1025663053
1025663746
1025665825
1025676614
1025691361
1025698388
1025698784
1025698982
1025702447
1025704427
1025705021
1025713533
1025716701
1025718481
1025745108
1025746789
1025747581
1025756687
1025764310
1025771436
1025795784
1025810137
1025812117
1025823401
1025828250
1025834287
1025840128
1025852402
1025865961
1025872295
1025878730
1025886945
1025894962
1025903078
1025903870
1025904266
1025904563
1025953261
1025973651
1025975532
1025979193
1025998296
1026004731
1026010669
1026019973
1026036603
1026047192
1026049073
1026084212
1026095494
1026111926
1026125089
1026128851
1026133207
1026137165
1026139838
1026179430
1026197147
1026216646
1026222881
1026240796
1026276232
1026283754
1026293652
1026297711
1026304144
1026325029
1026327504
1026335026
1026343835
1026356604
1026367094
1026379962
1026390850
1026392533
1026394612
1026398867
1026415891
1026416584
1026419455
1026427868
1026430046
1026435588
1026442716
1026458057
1026479338
1026486464
1026496857
1026504181
1026508438
1026514772
1026566737
1026581583
1026599894
1026616821
1026631766
1026636716
1026637211
1026652255
1026653542
1026660866
1026673239
1026707089
1026710752
1026712237
1026734112
1026737872
1026743020
1026747473
1026752720
1026772219
1026772318
1026782909
1026812306
1026827944
1026839030
1026840911
1026843681
1026870902
1026911185
1026921281
1026931575
1026940780
1026944740
1026945928
1026968395
1026973939
1026988884
1027001059
1027001752
1027002247
1027072721
1027080936
1027104393
1027110036
1027115083
1027131911
1027145569
1027146064
1027148935
1027158536
1027183577
1027191297
1027200108
1027200207
1027217429
1027251378
1027260484
1027272857
1027302551
1027314726
1027343727
1027343826
1027346596
1027360256
1027369164
1027370055
1027423010
1027462996
1027469827
1027473884
1027497838
1027500313
1027503578
1027505063
1027508528
1027512684
1027544952
1027577220
1027578507
1027583257
1027603746
1027607013
1027609684
1027617901
1027618493
1027626413
1027628787
1027634430
1027638883
1027649771
1027651850
1027652246
1027652840
1027653731
1027656305
1027681346
1027694412
1027699063
1027707080
1027707278
1027709258
1027711535
1027713020
1027731133
1027731430
1027750038
1027751523
1027752018
1027753305
1027753503
1027756372
1027764686
1027770824
1027771121
1027771517
1027790422
1027796954
1027797746
1027817839
1027829915
1027834071
1027834863
1027837635
1027842385
1027844167
1027850701
1027852283
1027856045
1027867824
1027870396
1027926519
1027940672
1027948293
1027970861
1027985214
1027985808
1028010057
1028012433
1028019559
1028021143
1028022925
1028023024
1028023420
1028037969
1028038464
1028044503
1028053213
1028060438
1028062517
1028078353
1028085578
1028121509
1028123586
1028125665
1028133286
1028148035
1028166247
1028180994
1028232167
1028283835
1028293832
1028297790
1028307787
1028309569
1028311747
1028319170
1028337580
1028338075
1028353814
1028356584
1028356980
1028363811
1028369452
1028417259
1028418645
1028419635
1028420427
1028429236
1028451210
1028461603
1028468630
1028469422
1028472390
1028478033
1028495453
1028499413
1028512081
1028516338
1028522672
1028527721
1028530293
1028533362
1028536629
1028541082
1028545735
1028556425
1028565333
1028576914
1028583842
1028602747
1028620365
1028622246
1028628877
1028666885
1028667677
1028706279
1028711427
1028717662
1028728352
1028736567
1028808526
1028859303
1028867221
1028873456
1028877713
1028882265
1028886225
1028890381
1028925619
1028942841
1028950759
1028954917
1028955412
1028957984
1028959766
1028971347
1028979760
1028986193
1028987876
1028991836
1028992232
1028994212
1028996784
1028997477
1029006979
1029016976
1029018956
1029020045
1029022520
1029048749
1029055380
1029059241
1029062211
1029063595
1029065179
1029071218
1029072307
1029081710
1029096556
1029101704
1029112788
1029126052
1029127834
1029129517
1029129913
1029131002
1029138128
1029152479
1029157528
1029157726
1029158815
1029169703
1029172275
1029184846
1029190784
1029234831
1029239383
1029251162
1029270265
1029285608
1029286596
1029304117
1029306788
1029320349
1029321834
1029324210
1029326881
1029329257
1029353706
1029359149
1029380826
1029382014
1029398642
1029432690
1029448924
1029453575
1029453872
1029464364
1029465948
1029466443
1029469611
1029470896
1029526821
1029528801
1029565621
1029568391
1029583635
1029587296
1029589771
1029605411
1029605807
1029614319
1029620356
1029622930
1029628076
1029637083
1029641538
1029664403
1029679744
1029680536
1029688355
1029694194
1029705280
1029710131
1029718247
1029727749
1029776249
1029789513
1029802577
1029837419
1029849988
1029851671
1029852958
1029853255
1029859391
1029868695
1029878001
1029879088
1029886117
1029886711
1029894431
1029897993
1029909970
1029936991
1029937090
1029956292
1029962133
1029964410
1029966289
1029973120
1029975494
1030002616
1030025776
1030036763
1030052304
1030074375
1030077543
1030101002
1030106940
1030117432
1030127429
1030132080
1030132476
1030132971
1030133862
1030140394
1030158410
1030176028
1030183550
1030191072
1030191369
1030191864
1030208096
1030253133
1030254717
1030275701
1030283124
1030285302
1030291240
1030300841
1030305690
1030317469
1030321033
1030329149
1030333208
1030337562
1030338948
1030353004
1030358051
1030361912
1030367157
1030383488
1030385468
1030397247
1030398732
1030399425
1030445846
1030455744
1030456041
1030456140
1030460001
1030461484
1030465048
1030470194
1030478510
1030501769
1030505234
1030512756
1030513251
1030534928
1030549081
1030557890
1030561058
1030564919
1030573233
1030573629
1030573926
1030584913
1030629651
1030634797
1030642618
1030647170
1030647566
1030665877
1030675082
1030683693
1030699333
1030720119
1030722889
1030725760
1030742487
1030749714
1030762283
1030764758
1030780693
1030796828
1030828502
1030831074
1030831272
1030833351
1030841467
1030845526
1030848296
1030852355
1030852454
1030859976
1030867894
1030872745
1030874032
1030880366
1030887294
1030887591
1030888779
1030894818
1030897093
1030904518
1030912931
1030915208
1030916394
1030919661
1030927480
1030940744
1030943021
1030945593
1030948266
1030959451
1030971032
1030976079
1030979445
1030980831
1030988848
1031006367
1031014582
1031019235
1031041902
1031042989
1031047246
1031053184
1031058233
1031064369
1031067537
1031069220
1031079118
1031089412
1031094360
1031098518
1031121579
1031123658
1031130586
1031131972
1031134150
1031138704
1031150976
1031151966
1031154243
1031162062
1031175623
1031192944
1031202149
1031211651
1031214423
1031219371
1031226695
1031243325
1031248867
1031277868
1031284105
1031285588
1031297466
1031302812
1031304295
1031309443
1031315381
1031316371
1031324487
1031326269
1031339731
1031345570
1031349530
1031357646
1031358240
1031371702
1031372987
1031382093
1031398822
1031414955
1031429011
1031439206
1031441283
1031442372
1031444847
1031463455
1031471967
1031479984
1031480578
1031484736
1031506017
1031507797
1031519774
1031538679
1031540461
1031540659
1031542639
1031545312
1031547785
1031561544
1031562732
1031565405
1031569066
1031569363
1031573719
1031578271
1031578469
1031588070
1031621922
1031630236
1031634095
1031639045
1031644488
1031673291
1031684278
1031692790
1031693681
1031695958
1031697344
1031706549
1031707935
1031710806
1031712586
1031714170
1031714665
1031719714
1031731491
1031759801
1031764254
1031770984
1031776726
1031780585
1031781179
1031783456
1031785040
1031787119
1031787515
1031787614
1031790186
1031790285
1031804044
1031819385
1031821563
1031825127
1031825226
1031832253
1031839082
1031841062
1031843240
1031844824
1031858383
1031865313
1031868281
1031876793
1031881050
1031881347
1031887681
1031895106
1031902826
1031910645
1031925887
1031933609
1031935191
1031942319
1031943111
1031943606
1031946277
1031948059
1031948356
1031949841
1031958056
1031966964
1031970033
1031975080
1031976565
1031989928
1032009823
1032015266
1032031302
1032036250
1032037339
1032040408
1032043277
1032044366
1032045257
1032046346
1032049811
1032050603
1032058521
1032059808
1032074258
1032074951
1032080097
1032093658
1032107714
1032108605
1032109890
1032111771
1032116523
1032118107
1032118701
1032118996
1032119491
1032120481
1032120580
1032121372
1032122164
1032130082
1032130379
1032140376
1032142752
1032143643
1032164033
1032167201
1032174723
1032179176
1032179275
1032201744
1032206001
1032216590
1032224510
1032226785
1032268060
1032275582
1032278651
1032280235
1032280532
1032321015
1032325171
1032325963
1032327250
1032328636
1032330418
1032334871
1032341997
1032343284
1032359221
1032361397
1032361496
1032364565
1032372087
1032375651
1032376740
1032382678
1032383371
1032388024
1032393170
1032395447
1032396833
1032397625
1032398912
1032411778
1032416629
1032435237
1032478490
1032479381
1032492942
1032495813
1032500662
1032504028
1032514124
1032528376
1032529366
1032530158
1032531940
1032532039
1032536888
1032549162
1032556189
1032569453
1032576282
1032578262
1032596573
1032598157
1032598949
1032599246
1032599840
1032609738
1032620626
1032622012
1032626960
1032637650
1032657050
1032662493
1032670314
1032670611
1032681893
1032682784
1032728217
1032739796
1032745142
1032747122
1032754743
1032786912
1032787704
1032790078
1032791365
1032807401
1032807696
1032809280
1032809478
1032810369
1032816705
1032817297
1032818386
1032860453
1032880150
1032891929
1032902025
1032915881
1032916376
1032931323
1032932610
1032946763
1032947060
1032947456
1032959136
1032961512
1032970618
1032974279
1032978140
1032991701
1032992095
1032994966
1032997639
1032998035
1033008527
1033016841
1033022383
1033028422
1033034558
1033034657
1033053463
1033055938
1033068311
1033072269
1033077615
1033086919
1033090679
1033108101
1033110673
1033121264
1033134132
1033139278
1033144426
1033153631
1033153730
1033183424
1033188471
1033190946
1033195597
1033210742
1033210940
1033223907
1033225687
1033233607
1033234496
1033251621
1033267655
1033280820
1033291609
1033292005
1033295666
1033313086
1033316353
1033326746
1033328330
1033330310
1033330904
1033338822
1033355054
1033356737
1033375939
1033381481
1033389203
1033391676
1033392171
1033394250
1033400584
1033418204
1033442057
1033461259
1033466605
1033477392
1033486696
1033487587
1033488082
1033502039
1033513719
1033519063
1033526783
1033531832
1033533119
1033533218
1033541433
1033541631
1033545094
1033573404
1033577362
1033580134
1033586270
1033593891
1033602405
1033604680
1033621706
1033627545
1033640314
1033641304
1033642787
1033644668
1033649717
1033652487
1033653081
1033655061
1033669513
1033670897
1033682676
1033700591
1033701383
1033705442
1033705739
1033708412
1033715934
1033716231
1033717419
1033731077
1033731968
1033735235
1033764236
1033766612
1033783141
1033793138
1033795019
1033823327
1033832730
1033838866
1033842628
1033842925
1033844014
1033844311
1033853219
1033868263
1033874302
1033879745
1033891128
1033905875
1033909637
1033921812
1033922406
1033925473
1033926265
1033927750
1033934183
1033936757
1033938143
1033964372
1033967144
1033968134
1033971203
1033981495
1033983574
1033990108
1033990306
1033993076
1033994066
1033994561
1034004756
1034017327
1034023067
1034027720
1034029403
1034034549
1034037024
1034050682
1034055929
1034056721
1034060580
1034061867
1034066520
1034067015
1034077507
1034079782
1034091165
1034095125
1034098885
1034099380
1034109080
1034129470
1034145803
1034147484
1034152335
1034156788
1034161837
1034172428
1034174408
1034184702
1034194796
1034194994
1034204595
1034209644
1034217562
1034235081
1034244583
1034261015
1034263191
1034263884
1034264478
1034264676
1034267844
1034268240
1034282591
1034283977
1034284373
1034292489
1034305852
1034309119
1034322975
1034324262
1034325153
1034346929
1034347127
1034347424
1034348117
1034351283
1034351382
1034370980
1034373950
1034392756
1034396914
1034400872
1034402456
1034402753
1034412057
1034414136
1034437791
1034440860
1034441850
1034446897
1034459369
1034463626
1034470950
1034509750
1034510245
1034513314
1034514403
1034516876
1034524794
1034527665
1034530338
1034540434
1034545481
1034548154
1034549837
1034550530
1034551223
1034551916
1034552015
1034560626
1034563594
1034570821
1034571019
1034572207
1034584083
1034602493
1034604275
1034605859
1034616450
1034622289
1034625061
1034625556
1034634167
1034636642
1034647728
1034654062
1034656042
1034662970
1034666138
1034670888
1034687320
1034694644
1034698208
1034703057
1034719586
1034726615
1034738293
1034755220
1034756408
1034762643
1034763138
1034768680
1034770264
1034777192
1034780162
1034799562
1034805106
1034806490
1034808569
1034810945
1034811242
1034816091
1034818269
1034827078
1034830246
1034836382
1034836580
1034846478
1034850933
1034859148
1034859247
1034869838
1034879043
1034883397
1034890030
1034891119
1034892901
1034906658
1034913091
1034927444
1034928236
1034931107
1034931701
1034932293
1034940609
1034957039
1034982377
1034988515
1034991186
1035014843
1035019197
1035019890
1035020187
1035021276
1035024345
1035028404
1035051762
1035083139
1035085119
1035093532
1035095116
1035096403
1035100757
1035101549
1035103034
1035107586
1035110556
1035116395
1035120850
1035127085
1035127382
1035133817
1035135401
1035136488
1035160937
1035187661
1035193304
1035195678
1035197955
1035204685
1035204883
1035214880
1035217751
1035232696
1035240517
1035247544
1035247841
1035247940
1035248534
1035251009
1035276149
1035280802
1035289611
1035292876
1035293173
1035297529
1035309209
1035309704
1035312474
1035320986
1035324946
1035338408
1035342168
1035345732
1035346920
1035355927
1035361073
1035369783
1035392846
1035400467
1035402249
1035404427
1035406407
1035419867
1035422936
1035423629
1035431943
1035445108
1035448175
1035451145
1035451244
1035468268
1035471139
1035474010
1035489648
1035506474
1035510335
1035515679
1035516669
1035520530
1035521025
1035522114
1035525181
1035526765
1035531715
1035550323
1035556261
1035556756
1035571802
1035579324
1035587935
1035594467
1035594764
1035599813
1035606444
1035619312
1035621092
1035625151
1035629804
1035631386
1035653558
1035661872
1035663357
1035680480
1035682064
1035695625
1035701662
1035703939
1035705523
1035712748
1035723339
1035728089
1035733237
1035735712
1035736504
1035739076
1035739472
1035739670
1035747291
1035750261
1035764317
1035765109
1035765604
1035767780
1035768275
1035771344
1035775896
1035791041
1035812025
1035815389
1035815686
1035816082
1035839244
1035848152
1035848350
1035851419
1035861812
1035863691
1035864087
1035871413
1035874381
1035879727
1035881806
1035882202
1035883784
1035885071
1035886754
1035887051
1035891803
1035893583
1035893682
1035903382
1035903877
1035905956
1035914270
1035917636
1035924762
1035924861
1035926148
1035927930
1035928227
1035935749
1035940895
1035944657
1035954456
1035958614
1035970886
1035979596
1035980190
1035984348
1035995038
1036000976
1036001174
1036003451
1036010973
1036013448
1036021564
1036042350
1036043241
1036050367
1036050664
1036050862
1036066995
1036078675
1036082833
1036089266
1036094216
1036102629
1036109161
1036110151
1036130442
1036131630
1036134796
1036136677
1036140043
1036146278
1036146575
1036146674
1036168450
1036176566
1036186761
1036194580
1036201609
1036220712
1036222888
1036229026
1036236152
1036242387
1036243872
1036253572
1036266836
1036267727
1036272873
1036274952
1036280001
1036298510
1036298807
1036300092
1036323452
1036337409
1036338201
1036341268
1036343149
1036346416
1036358787
1036360767
1036379375
1036397686
1036402438
1036422828
1036423026
1036428271
1036430152
1036432429
1036432726
1036434805
1036436387
1036446384
1036462123
1036497755
1036503396
1036505376
1036512207
1036515868
1036515967
1036530518
1036565556
1036568427
1036570902
1036586738
1036588520
1036589015
1036589114
1036589213
1036590795
1036605544
1036610393
1036615640
1036622370
1036622964
1036624944
1036627518
1036627914
1036630486
1036637020
1036644542
1036646720
1036647413
1036658497
1036663447
1036672850
1036673543
1036677107
1036679184
1036682253
1036682946
1036684629
1036698386
1036701950
1036703633
1036704128
1036710858
1036714620
1036719568
1036731644
1036736493
1036740750
1036752925
1036754707
1036755893
1036756586
1036759160
1036775491
1036776877
1036789448
1036790735
1036792220
1036795782
1036806175
1036815578
1036817558
1036836760
1036842007
1036848341
1036853091
1036853586
1036862692
1036872095
1036872293
1036880510
1036883676
1036890210
1036893970
1036895257
1036897039
1036898722
1036917330
1036918122
1036920595
1036924258
1036927426
1036930790
1036941876
1036942272
1036954249
1036959296
1036959692
1036965038
1036965137
1036975035
1036978401
1036983448
1036991663
1036993643
1036999779
1037001957
1037003145
1037003343
1037008885
1037010667
1037015023
1037028087
1037030265
1037031552
1037031651
1037031849
1037036403
1037037985
1037052338
1037069362
1037074708
1037082131
1037082230
1037087178
1037092029
1037094009
1037096185
1037104105
1037114892
1037119050
1037120139
1037123505
1037129938
1037130037
1037137064
1037139935
1037142212
1037177646
1037189326
1037196947
1037199224
1037201105
1037203677
1037208825
1037216050
1037223572
1037225255
1037229611
1037238024
1037240794
1037244259
1037244556
1037257721
1037259602
1037263362
1037263758
1037268312
1037269005
1037269696
1037275636
1037277220
1037277814
1037284148
1037292066
1037300677
1037301568
1037307310
1037328193
1037349969
1037356503
1037357095
1037358481
1037364124
1037382138
1037403716
1037413020
1037420542
1037426480
1037430242
1037432915
1037438358
1037443803
1037458154
1037459243
1037459342
1037463203
1037469042
1037475673
1037481316
1037487155
1037497152
1037511010
1037519324
1037530212
1037530608
1037530707
1037532487
1037542682
1037555352
1037567329
1037574851
1037594152
1037613750
1037614047
1037614245
1037621965
1037624044
1037624737
1037625529
1037628301
1037642652
1037643246
1037644434
1037659577
1037660072
1037668881
1037689172
1037692142
1037698575
1037704020
1037715502
1037720252
1037726982
1037727477
1037737078
1037747867
1037751530
1037752322
1037763606
1037784786
1037789439
1037796763
1037798446
1037799337
1037800822
1037801812
1037817747
1037834870
1037839226
1037848332
1037853775
1037883865
1037885350
1037895347
1037904849
1037920289
1037920586
1037924645
1037963346
1037964435
1037964534
1037977895
1037994822
1037997889
1038035008
1038041243
1038042926
1038044213
1038059653
1038062227
1038075489
1038078954
1038086971
1038097958
1038110925
1038113596
1038114586
1038129731
1038135174
1038137154
1038139530
1038147250
1038150616
1038151705
1038158831
1038163383
1038165363
1038168333
1038170610
1038193473
1038199908
1038204559
1038211487
1038216239
1038224652
1038227919
1038234550
1038238609
1038243161
1038245834
1038252069
1038262066
1038266323
1038266521
1038290275
1038297995
1038301262
1038304727
1038308685
1038308883
1038309378
1038316704
1038319474
1038321553
1038340359
1038347386
1038352039
1038356987
1038380545
1038381139
1038390047
1038399153
1038404794
1038406180
1038409744
1038409843
1038411031
1038417068
1038417167
1038425580
1038427362
1038431124
1038442309
1038447257
1038449138
1038454779
1038461511
1038464974
1038466756
1038467350
1038469429
1038489225
1038492391
1038494668
1038494866
1038514860
1038520404
1038526540
1038533072
1038546435
1038554353
1038560192
1038563657
1038571278
1038575040
1038583849
1038587512
1038587809
1038587908
1038588007
1038593846
1038594638
1038602160
1038609979
1038611959
1038659469
1038660459
1038661548
1038661746
1038662538
1038675010
1038676988
1038681146
1038684908
1038686193
1038693321
1038695794
1038697774
1038698467
1038705791
1038708464
1038720738
1038729448
1038741722
1038760132
1038760726
1038763102
1038771317
1038773295
1038778245
1038788638
1038790420
1038801803
1038802296
1038808236
1038827537
1038829616
1038831693
1038831792
1038836643
1038843472
1038853865
1038854756
1038858518
1038870196
1038877225
1038877324
1038878314
1038878512
1038887024
1038900484
1038900781
1038904147
1038910679
1038913946
1038916916
1038935128
1038941462
1038945026
1038946907
1038948093
1038955815
1038970859
1038971156
1038983925
1038990358
1038998375
1038999563
1039000058
1039001246
1039005602
1039007382
1039025002
1039037868
1039046578
1039046776
1039047271
1039051033
1039068255
1039086467
1039092011
1039099236
1039099632
1039114379
1039138432
1039147736
1039148726
1039149023
1039150211
1039160505
1039171292
1039172084
1039176044
1039195048
1039197127
1039198018
1039200491
1039204055
1039206233
1039207223
1039209993
1039210191
1039223059
1039224247
1039224940
1039227019
1039231076
1039231274
1039237709
1039245429
1039250971
1039267205
1039267995
1039298778
1039306302
1039317683
1039322831
1039326888
1039327977
1039334115
1039340944
1039341934
1039350743
1039352426
1039372123
1039373410
1039379051
1039399441
1039405478
1039411814
1039417554
1039427452
1039429729
1039451109
1039458334
1039459423
1039461797
1039478823
1039481593
1039495946
1039502577
1039511584
1039543753
1039558304
1039566420
1039570279
1039571962
1039579583
1039585721
1039586810
1039589184
1039592352
1039605517
1039614425
1039620957
1039630459
1039639565
1039641050
1039644218
1039644614
1039651740
1039653324
1039655896
1039656985
1039684602
1039716967
1039718353
1039727657
1039731716
1039733694
1039738941
1039742208
1039749433
1039759331
1039760321
1039766655
1039779820
1039799121
1039801792
1039809712
1039811294
1039812482
1039813373
1039823469
1039825944
1039827429
1039827627
1039846334
1039846631
1039858905
1039871672
1039878701
1039879392
1039893052
1039916808
1039918984
1039941849
1039942839
1039954618
1039955608
1039975107
1039990052
1039990943
1040004702
1040011234
1040017073
1040026278
1040028357
1040035879
1040041918
1040058348
1040065870
1040077946
1040099227
1040103680
1040116548
1040128822
1040147034
1040151685
1040156338
1040157823
1040166533
1040166929
1040172570
1040178609
1040191970
1040209786
1040211172
1040216617
1040217904
1040218892
1040229681
1040229780
1040229978
1040240074
1040258484
1040272144
1040277884
1040284121
1040306291
1040307380
1040308568
1040310449
1040311142
1040327770
1040332324
1040333512
1040343311
1040352219
1040354593
1040366273
1040387554
1040390623
1040410320
1040420614
1040439915
1040455058
1040457632
1040463273
1040463768
1040466540
1040488415
1040509496
1040527017
1040538497
1040541764
1040558293
1040571755
1040572745
1040623423
1040623621
1040623918
1040627777
1040628767
1040631242
1040633321
1040640447
1040652820
1040663114
1040674495
1040681722
1040686571
1040687066
1040716463
1040718344
1040718938
1040719136
1040730123
1040734873
1040736853
1040739328
1040741110
1040753184
1040772485
1040773772
1040782878
1040793964
1040796934
1040800793
1040806337
1040817423
1040822965
1040828212
1040856124
1040858993
1040862854
1040866319
1040866715
1040867705
1040919371
1040923331
1040952926
1040966485
1040968366
1040984501
1040994595
1041009839
1041033494
1041042996
1041054478
1041055666
1041058834
1041089716
1041096842
1041126635
1041131880
1041144847
1041202750
1041250458
1041292723
1041324593
1041343795
1041345973
1041346666
1041352012
1041396948
1041397542
1041408331
1041427632
1041432085
1041434461
1041434659
1041440894
1041449804
1041468808
1041473756
1041474449
1041504539
1041512457
1041532352
1041537894
1041541359
1041597183
1041622424
1041660135
1041717840
1041719424
1041782275
1041820877
1041825233
1041832161
1041834933
1041859974
1041906989
1041908573
1041942029
1041946086
1042129693
1042160476
1042168394
